0.0002729559146342764
0.017677395137719043
0.031885958867579944
0.044081727992809405
0.0478640728466565
0.05727376120671379
0.059255666922746864
0.0736856519943554
0.08368253876381226
0.0899345418464117
0.10395045936194058
0.11435692158110367
0.12962579623211667
0.14041534180652004
0.15905295115478046
0.15996683198218475
0.17057381758832924
0.1713449054785544
0.17443463925739577
0.1745303654752267
0.1769940486019831
0.2147471335475175
0.22135397079642571
0.23356096863182774
0.2552975924767429
0.26588679252294645
0.2682094588312951
0.30497058892321527
0.3341431801797442
0.33924215306960626
0.3447200700541886
0.34761354653924925
0.3803770447378654
0.4063502336564181
0.4157457455091603
0.4289311291658342
0.43742893592657506
0.43810200841641933
0.43867133032876926
0.46411228229148105
0.47484025524426376
0.49991239038553625
0.5033450496947609
0.5288594376719818
0.5321162350483764
0.5327604417499013
0.5382642640155821
0.5402475321118944
0.5420185319236674
0.5492893276612759
0.5623539165455135
0.5750654071860896
0.6001998595535611
0.6145870017365537
0.6218553971416718
0.628686367620034
0.6301966187444077
0.6330319947131561
0.6390961816443645
0.6694126505455221
0.6780926816351667
0.6808790459411423
0.6814684437159355
0.6905384458508408
0.701470428135129
0.7035162187856936
0.7101169267676721
0.7214339044908146
0.7216346813988147
0.7351905608199005
0.7438116038828619
0.7499173665466726
0.7502217326861003
0.7585515054847083
0.7595618425855549
0.7647406922348299
0.76916357719847
0.7770116668025219
0.7899427792998784
0.7920689802327778
0.8246624298295965
0.834700352924786
0.8347438877805895
0.8591471242039386
0.8612240367126314
0.8627949705650954
0.8707546105602586
0.8784362165499402
0.8802063141427106
0.883037304831439
0.9147661963856237
0.916885586219351
0.9181590850209278
0.9256237313088816
0.9452425223525459
0.9493096973605303
0.9828997427934174
0.9838822408731979
0.9843110938767035
0.9852366321563256
